## Muestra el numero de rayos que golpean cada bin
0	0	0	0	0.0270738	0.108295	0.108295	0.270738	0.460254	0.595623	0.839286	1.46198	2.24712	2.57201	2.43664	3.08641	4.25058	4.25058	4.9545	4.06106	4.35887	4.22351	3.43837	2.81567	2.43664	1.97638	1.57028	1.0288	0.730991	0.297811	0.541475	0.189516	0.0812213	0.0812213	0	0	0.0541475	0	0.0270738	0	
0	0	0	0.0270738	0	0.0812213	0.324885	0.351959	1.00173	1.08295	1.62443	2.03053	3.57374	3.73618	4.16936	5.25231	4.90035	6.38941	6.25404	6.66014	6.44355	6.09159	5.3606	4.16936	3.89862	2.97811	2.19297	1.59735	1.35369	0.893434	0.43318	0.541475	0.243664	0.0812213	0.0270738	0.0541475	0	0.0270738	0	0	
0	0	0	0.0270738	0	0.162443	0.406106	0.595623	0.785139	1.46198	2.65323	3.00519	4.73791	5.27938	6.606	7.20162	7.87846	8.58238	9.88192	10.3422	9.36752	8.74482	8.01383	7.6348	5.71256	5.06279	3.73618	3.84447	2.51786	1.86809	1.08295	0.812213	0.324885	0.270738	0.162443	0.0812213	0.0812213	0.0541475	0	0	
0	0	0.0270738	0.135369	0.0812213	0.406106	0.406106	0.812213	1.84102	2.81567	3.24885	5.22523	5.9833	7.93261	9.36752	10.7212	11.8312	14.1325	13.7805	14.5386	13.2391	13.1308	12.4539	10.7483	8.90726	7.41821	5.84793	4.46717	3.97984	2.11175	1.92224	1.19125	0.64977	0.270738	0.379033	0.108295	0.0541475	0.0270738	0	0	
0	0	0.0541475	0.135369	0.243664	0.379033	0.920508	1.24539	1.92224	2.97811	4.71083	6.17282	8.90726	11.3168	13.3203	15.6757	18.2477	18.8704	20.9009	22.011	20.2782	18.0853	17.6521	15.5674	13.4015	10.9919	8.52823	7.39113	5.06279	3.38422	2.40956	1.70565	0.974655	0.676844	0.595623	0.21659	0.0812213	0.0541475	0	0	
0	0	0.135369	0.0812213	0.351959	0.622696	1.00173	1.92224	2.97811	4.46717	6.33526	8.23042	10.7754	14.8093	18.4643	21.2529	22.6066	24.8808	24.962	28.9689	26.6947	24.6642	23.6354	21.0905	18.9246	14.2137	11.9395	10.4234	7.44528	5.9833	3.87155	2.73445	1.94931	0.947581	0.541475	0.406106	0.21659	0.108295	0	0.0270738	
0	0	0.135369	0.351959	0.460254	1.00173	1.59735	3.22178	4.30473	6.22696	7.95968	10.3422	15.4862	19.4119	23.8791	28.3462	31.1077	33.5715	34.492	37.7408	35.7103	33.9505	30.7829	27.0738	24.6642	22.011	16.5421	13.8618	10.0444	7.66187	5.57719	4.35887	1.97638	2.00346	1.0288	0.568549	0.297811	0.108295	0.0812213	0	
0.0270738	0.0541475	0.270738	0.243664	0.730991	1.05588	2.35542	3.38422	5.17109	8.96141	12.0749	14.7281	19.7368	25.4223	28.2921	37.8762	40.0962	42.3975	45.4839	46.4856	46.3773	44.6988	40.6377	36.2518	33.2736	26.7218	22.3358	17.8958	13.7805	10.4775	7.79724	6.22696	3.73618	2.43664	1.67857	0.812213	0.595623	0.324885	0.162443	0.0270738	
0.0812213	0.135369	0.243664	0.595623	0.758065	1.78687	3.49251	4.62961	7.28284	11.2898	14.5928	19.9263	24.7454	32.7051	40.0421	45.5922	49.6803	54.5265	59.102	57.3151	59.102	57.5588	52.1982	46.621	41.7477	35.6291	30.7287	23.7437	20.0075	14.2137	11.1544	7.28284	5.875	4.11521	2.2742	1.16417	0.920508	0.406106	0.162443	0.0270738	
0.0541475	0.162443	0.21659	0.676844	1.70565	2.35542	3.95277	6.79551	9.88192	13.6993	18.8163	24.7183	32.0012	41.6936	48.5162	55.7449	60.7535	64.7333	72.6389	73.0991	73.0179	67.901	65.4914	55.6095	52.7397	43.6429	36.9557	31.7034	23.4459	19.3848	14.5386	9.42167	6.90381	4.8462	2.65323	1.67857	0.947581	0.43318	0.189516	0.162443	
0.108295	0.243664	0.541475	1.08295	1.38076	2.51786	5.08987	8.85312	12.2373	17.7062	21.9027	30.5121	37.9845	47.2166	57.5047	65.6539	73.2074	81.4649	86.1758	86.5006	85.7697	85.0928	80.409	70.8249	63.4338	56.5571	48.2184	39.3111	30.9724	22.7149	16.4608	13.2932	9.20508	5.90208	3.89862	2.38249	1.62443	0.947581	0.379033	0.189516	
0.0541475	0.189516	0.839286	1.38076	2.49079	4.03399	5.95623	8.12213	14.7823	20.2782	26.4511	38.0928	46.269	56.53	67.901	78.6222	85.5531	93.8647	103.124	101.364	102.339	100.254	95.3538	86.3111	76.9978	68.632	56.7737	46.8917	37.2264	30.0789	22.4712	16.163	10.8295	7.17454	5.06279	3.14056	2.03053	1.08295	0.406106	0.297811	
0.108295	0.460254	0.730991	1.73272	2.86982	4.98157	7.98676	11.1544	18.4372	23.3646	32.0283	43.7783	55.1763	65.0312	80.1383	89.2351	101.039	108.485	117.635	118.529	119.016	116.119	106.833	100.254	89.3705	79.9217	65.5185	57.0173	43.8324	35.602	26.2615	19.9804	14.322	9.12385	5.82086	4.57546	2.76152	1.24539	0.568549	0.43318	
0.189516	0.568549	0.839286	1.78687	3.00519	5.9833	8.79897	14.2137	20.4136	27.913	39.0674	49.545	62.1613	75.0214	86.4465	106.183	117.311	126.705	133.853	134.205	130.929	128.14	122.184	117.419	103.503	90.7241	75.6441	63.9482	52.5231	39.7713	31.189	22.6607	15.9464	10.3692	6.93088	4.3318	2.73445	1.62443	0.758065	0.568549	
0.406106	0.43318	1.32661	2.40956	4.76498	6.36233	10.4505	16.163	23.4459	31.0536	44.2114	54.5265	70.0398	84.2535	99.3065	112.735	126.299	135.098	144.547	148.527	148.039	142.625	138.591	129.792	117.987	101.662	87.367	72.0433	56.6924	48.7328	33.3007	25.314	17.1648	11.5063	8.41994	5.00864	2.73445	1.92224	1.0288	0.297811	
0.270738	0.730991	1.59735	2.65323	4.98157	7.17454	12.2644	18.7892	24.7725	36.3059	48.083	60.564	77.7287	92.9983	112.843	128.384	140.486	149.149	156.324	161.468	165.231	157.894	149.285	138.157	125.108	110.813	98.6026	79.4073	64.7604	48.6245	37.1993	27.6423	20.1158	13.5098	9.58411	5.4689	3.49251	1.75979	1.05588	0.43318	
0.64977	0.947581	1.38076	2.95104	4.98157	8.6636	13.7805	19.6555	29.1584	39.6901	52.0087	66.7909	84.3077	102.285	118.15	136.073	149.962	161.116	168.182	175.979	174.815	169.509	156.811	150.638	132.986	116.173	101.662	85.9321	70.6083	54.7161	41.856	32.8134	21.4695	15.2154	10.2339	6.28111	3.43837	2.38249	1.05588	0.541475	
0.568549	0.920508	2.03053	3.54666	5.65841	9.39459	15.1342	20.6031	29.4562	39.6089	53.6602	72.8013	88.829	108.485	122.861	141.487	160.141	166.016	179.445	179.634	184.697	182.206	169.861	157.569	143.707	127.22	109.216	94.5145	73.4511	57.8837	45.2673	31.5138	24.0956	15.8652	10.7754	6.98503	3.84447	2.51786	1.19125	0.324885	
0.487328	1.08295	1.81394	3.92569	6.03745	9.71948	16.515	22.5795	31.8929	45.511	58.5064	75.5358	94.4333	110.244	131.497	149.989	164.148	175.952	185.157	185.564	190.437	185.239	176.494	164.094	146.821	131.957	112.031	95.5433	76.5646	59.1291	46.8647	33.9234	22.6337	16.1089	10.8566	7.06625	3.95277	2.11175	1.38076	0.622696	
0.64977	1.08295	2.19297	3.51959	6.90381	10.3151	16.2984	24.1498	33.4632	44.5905	59.3457	78.4327	97.3572	116.228	132.093	150.07	168.263	177.198	191.384	192.467	192.251	189.679	175.709	164.148	148.527	129.44	115.47	95.9765	78.2973	60.6994	45.5651	35.981	24.583	16.515	11.1002	7.09332	4.00692	2.62615	1.24539	0.487328	
0.595623	1.19125	2.32834	4.16936	6.30818	11.2356	16.0006	22.7961	33.1383	45.1049	62.8111	78.4056	93.973	115.334	136.885	152.479	167.018	179.337	187.08	191.872	189.11	187.486	181.232	167.18	149.907	138.022	112.979	97.5197	79.7593	60.4557	47.5144	33.2466	23.4459	16.5962	9.88192	6.55185	3.22178	2.49079	1.21832	0.595623	
0.568549	1.00173	1.97638	4.57546	6.11867	10.7483	16.7045	24.0415	34.0046	44.1573	61.4303	78.4056	96.4909	111.95	131.66	150.936	165.989	176.9	184.616	189.408	188.812	182.721	174.165	162.93	148.527	128.113	114.549	90.8595	77.2414	59.6435	45.6734	32.3531	22.5254	16.2172	9.20508	6.68722	4.16936	2.43664	0.785139	0.676844	
0.64977	1.51613	2.59908	4.41302	6.95795	10.4234	15.2425	22.9585	32.1636	42.6682	56.53	75.3733	89.7495	109.27	125.433	141.569	162.524	170.944	179.364	188.136	177.793	180.717	170.402	156.622	143.464	123.321	105.479	89.7766	70.5813	57.3693	42.8036	30.837	21.3883	15.8381	9.99021	6.11867	3.303	1.81394	1.27247	0.487328	
0.730991	0.920508	1.97638	4.00692	5.71256	10.5588	15.4591	21.7402	31.8387	41.9914	55.5553	73.045	88.5853	102.853	116.661	140.08	153.292	161.955	172.108	174.301	170.375	169.428	159.871	152.236	132.959	122.482	100.796	84.3077	67.3866	55.3658	40.367	27.7235	20.3053	13.1308	10.0444	4.9545	2.73445	1.21832	1.0288	0.460254	
0.622696	1.21832	1.94931	3.35715	5.95623	8.06798	13.7805	19.7638	27.3716	40.0962	51.3318	65.329	78.6493	99.9834	113.385	128.005	142.814	150.395	156.838	162.524	165.177	156.703	152.019	137.562	126.895	109.27	95.4621	79.8946	62.6216	47.5957	33.3819	25.6388	17.7062	11.6959	7.36406	5.03572	2.62615	1.78687	0.812213	0.21659	
0.568549	0.812213	1.6515	3.303	4.57546	7.93261	12.3998	19.0328	24.6642	35.0064	46.3503	57.2881	73.6948	86.5819	102.474	115.226	129.331	140.621	145.63	150.043	145.819	145.711	139.619	127.328	115.334	100.579	86.5006	72.3952	57.6671	43.8053	30.5392	22.8773	15.1884	11.019	7.14747	3.60081	2.65323	1.43491	0.86636	0.379033	
0.406106	0.676844	1.38076	2.57201	4.08814	7.0121	10.3692	15.3779	21.8214	29.7541	40.5565	50.0323	64.2189	78.7034	91.5634	102.799	116.688	124.025	133.582	130.035	136.912	132.553	125.243	115.47	102.068	91.022	76.5916	60.8889	50.0323	36.4142	27.9401	19.3577	14.1054	8.20335	6.03745	3.76325	2.08468	1.08295	0.514401	0.0812213	
0.243664	0.730991	1.29954	2.2742	3.57374	5.27938	8.74482	12.6976	19.1411	25.693	36.6308	45.0237	56.1239	68.8215	80.0571	89.1268	101.5	107.835	113.872	119.801	117.581	116.498	111.408	101.256	93.3503	78.5951	65.9787	53.2541	43.3451	33.7339	24.3935	16.7045	11.4251	7.03918	5.33353	2.95104	1.51613	0.64977	0.297811	0.21659	
0.108295	0.460254	1.08295	1.81394	2.70738	4.52132	7.6348	10.8295	15.4591	21.0905	30.4038	38.8508	45.3756	54.6619	65.9517	76.7812	87.367	91.1573	97.3031	101.093	104.342	100.579	94.0271	86.4194	79.6781	69.5254	56.1239	47.3791	33.6797	27.8589	20.5761	13.9159	9.01556	5.4689	3.95277	1.6515	0.974655	0.622696	0.297811	0.0812213	
0.189516	0.270738	0.785139	1.5432	2.49079	3.7091	5.25231	8.41994	12.5351	18.5997	23.0668	31.8387	39.5277	45.511	55.8261	63.9482	71.7725	80.8964	83.4413	88.3687	88.1521	86.1487	81.14	73.8031	64.6521	57.3151	49.2472	38.2011	29.0231	24.7454	16.7857	11.8312	7.66187	4.87328	2.40956	1.59735	1.16417	0.406106	0.243664	0	
0.135369	0.243664	0.541475	0.676844	1.78687	3.05933	4.62961	6.87673	9.34044	14.5115	18.2748	22.8232	31.1348	37.9303	44.8612	51.7921	60.3474	62.6757	70.1481	74.3716	71.3935	71.6913	66.4119	62.5674	54.9597	45.7817	40.5565	32.5697	24.1498	18.9787	13.1578	9.50289	6.68722	4.25058	2.30127	1.16417	0.487328	0.568549	0.108295	0.0270738	
0.108295	0.108295	0.351959	0.730991	1.24539	2.32834	2.97811	5.14401	7.82431	11.2085	14.1054	20.2512	23.121	29.0772	35.9539	40.746	46.4856	50.1677	57.64	59.454	59.0208	56.0697	54.1746	51.0882	45.8359	38.6342	31.189	26.6406	19.7368	14.9718	11.0461	6.57892	4.68376	2.70738	1.86809	0.920508	0.487328	0.108295	0.108295	0.0270738	
0.0270738	0.189516	0.243664	0.568549	0.893434	1.43491	2.59908	3.57374	5.3606	6.93088	10.8566	13.564	19.1141	23.0939	26.8842	31.4868	35.6832	40.2316	45.1049	45.2944	46.5669	44.9424	43.8866	39.1486	36.4413	27.6964	24.6371	19.087	15.7299	10.6941	8.25749	5.76671	3.27592	2.05761	1.24539	0.514401	0.297811	0.108295	0.108295	0.0270738	
0.0270738	0.0541475	0.0812213	0.189516	0.43318	0.893434	1.5432	2.08468	3.43837	5.84793	7.22869	9.50289	12.6164	15.6216	21.7944	24.0144	27.9401	30.1331	33.03	34.871	35.6291	34.4107	32.4614	29.9977	28.1567	21.9297	19.7638	15.1342	11.3439	8.58238	6.17282	4.14228	2.51786	1.48906	0.86636	0.351959	0.297811	0.0541475	0.0541475	0.0541475	
0.0541475	0.0270738	0.0812213	0.108295	0.324885	0.514401	0.947581	1.97638	2.40956	3.46544	5.68549	7.39113	9.63826	12.1832	14.1054	17.3543	20.3595	21.6319	24.0956	26.6676	27.5882	24.7454	23.8791	23.2293	20.928	17.8958	13.9701	10.8836	9.12385	6.09159	4.14228	2.92397	2.05761	1.19125	0.64977	0.162443	0.0541475	0.0541475	0.0270738	0	
0	0.0270738	0.0270738	0	0.21659	0.243664	0.514401	0.893434	1.97638	2.49079	3.57374	4.65669	6.74136	8.55531	10.8836	11.2898	14.8364	16.8669	17.9228	18.2206	18.7621	19.439	17.7604	16.4067	15.432	12.6434	10.6671	8.52823	5.9833	4.81913	3.14056	1.67857	1.24539	0.893434	0.460254	0.162443	0.0270738	0.0541475	0.0270738	0	
0	0	0.0270738	0.0270738	0.0541475	0.135369	0.460254	0.406106	1.0288	1.11002	1.6515	2.92397	4.3318	4.87328	6.98503	8.33872	10.7754	11.9395	12.5622	12.9142	14.1325	13.7264	13.4015	12.6434	10.0985	9.20508	7.47236	6.03745	4.46717	3.46544	2.43664	1.35369	0.812213	0.297811	0.0541475	0.0812213	0.0270738	0	0	0	
0	0	0	0	0.108295	0.189516	0.21659	0.243664	0.622696	1.0288	1.46198	1.94931	3.14056	3.11348	4.11521	6.09159	7.06625	7.47236	8.28457	8.41994	8.93434	8.93434	8.7719	8.96141	7.17454	6.06452	4.81913	3.76325	3.33007	2.13883	1.5432	0.974655	0.568549	0.270738	0.135369	0.0812213	0	0	0	0	
0	0	0	0.0270738	0.0270738	0.0812213	0.0812213	0.21659	0.460254	0.622696	0.839286	1.1371	2.05761	1.94931	2.54493	2.97811	4.60254	4.76498	5.92915	6.11867	6.03745	6.11867	5.90208	6.09159	4.98157	4.00692	3.33007	2.86982	1.86809	1.32661	0.812213	0.595623	0.297811	0.162443	0.0812213	0.0270738	0	0	0	0	
0	0	0.0270738	0.0270738	0.0270738	0.0541475	0	0	0.135369	0.189516	0.595623	0.541475	0.812213	1.08295	1.59735	2.35542	2.59908	3.08641	3.68203	3.00519	4.00692	4.30473	3.38422	3.7091	2.86982	2.76152	1.67857	1.81394	1.11002	0.839286	0.406106	0.43318	0.21659	0.0541475	0.0812213	0	0	0	0	0	
